$ANSIBLE_VAULT;1.2;AES256;home_infra
36326232616239636566303531653135666462353337396465353263393565303066363836633434
6134386130363336666264663535633266363437393537640a373331313538373236333066636361
35386364373336386233356462626566633063626162303532653837313032323064313266633633
3536663932633338610a343138343866336566336434333536623339313738663462363162623238
62386534353431626331633061343665313231366337366334346533316132653239303263393636
38363934383761623862383537333433633864316238366463663631346561663930336564363437
61653461376561343237353337336333303963613130333032653838366231333736373934653334
33636230623439303162363938313839633236626163323234343664356431356537303137656439
39363061353239316362626364663533343831656338616132323230663265643962333066383766
37656536396361363139663033353262383030356336616333303632633832303162653933386533
32373330303964313264623034366165363964393363323632353033373263666465633336633930
64303862363138613362333561613531366235333165636539313932666338313361383934626137
35663862333731323161376230613232363636316339643763333138643633373065306632653832
64313735356530363166363034303838663332363039333262393230373232353066326638613637
36373632666631313435306235303938363432323865353735386137313065663830363064346162
66336633383439343238343666616566643265653161366632346436373463383130633331626337
66326162303161333061623762663062323539316138343362373463303663396331356632353964
33393636386366326333626166393438386430623737663361383166356534396365386230346137
32653231336566353236623531336661633165343366623466383534333436363835663637393536
61643763393662313232626163643539613163613737616465363564663535393635646563333236
39653534386335393665386138633964366136333730643131366466376234343363383332613839
37383638383638336566366263326365313431363461363662646663373034333539653765646539
64326339393962616235653637366463353438626463323538353863346333656436643835363363
37376537313437303833353336636334366664353934363364623739653434646631616262633737
3831
